8.000000000000034106e+01
8.000000000000000000e+01
1.201263272640969859e+01
-8.000000000000000000e+01
-8.000000000000000000e+01
-8.000000000000000000e+01
-8.000000000000000000e+01
-1.995872216213241757e+01
8.000000000000000000e+01
6.816348406877686728e+01
2.176510685524647215e+01
-1.811672808939133184e-01
-4.436703814975032856e+00
-2.398366614697773791e+00
-2.722625996980763685e-01
5.557323376178778807e-01
5.586784263204911394e-01
3.244657991754434367e-01
1.171702637857364171e-01
-2.744979741295245149e-02
