0.000000000000000000e+00 3.141592653589793116e+00 0.000000000000000000e+00 0.000000000000000000e+00
9.994852343739343836e-02 3.017057355456683965e+00 3.993867930777320385e+00 -4.957118247325210447e+00
3.977457118513595402e-01 2.653508042794531896e+00 7.877517019161794032e+00 -9.415066225950113221e+00
8.004352506101902742e-01 2.183105687724152144e+00 8.208457330535336993e+00 -9.323999978008773226e+00
1.111971081464817379e+00 1.786460678207306252e+00 4.288850328667658474e+00 -6.846390695540440774e+00
1.231493462082944079e+00 1.472173039273493966e+00 5.029716251935674176e-01 -5.977001269526072136e+00
1.162323414713576142e+00 1.165206892438904962e+00 -3.278658339702829938e+00 -6.550625966500644992e+00
9.017692561303612964e-01 7.910080680731013114e-01 -7.172524419718387279e+00 -8.713284932696193863e+00
5.150372516736989592e-01 3.365431861751136955e-01 -8.289928554818231987e+00 -9.553344124882249488e+00
1.988773384121631516e-01 -1.817625797684765260e-02 -4.331848188457645854e+00 -4.595097534410474083e+00
6.738352004434287890e-02 -1.431686378479534172e-01 -9.303198510849325364e-01 -4.277642324304375965e-01
4.784321641339037839e-02 -1.334085226549990844e-01 1.488725349810220977e-01 8.196373856683010217e-01
5.492249085907126988e-02 -9.471618058727074296e-02 1.345791456082456872e-01 7.323317686047309261e-01
5.601051452284096233e-02 -6.641057351127467590e-02 -9.087278582531810311e-02 4.029113214901255402e-01
4.839675716690371859e-02 -5.102244185206106925e-02 -2.135613962782080544e-01 2.143124118388974875e-01
3.732027847285789707e-02 -4.153459501854890601e-02 -2.294212955198264847e-01 1.662673983857494708e-01
2.649644071107219723e-02 -3.300639312028875311e-02 -2.034623243276524052e-01 1.758229103059101017e-01
1.698491662173123168e-02 -2.384876283179835146e-02 -1.769235759014852472e-01 1.915153834928182697e-01
8.519079261587885615e-03 -1.411400861186673170e-02 -1.616302979277143004e-01 1.989721887717887383e-01
5.708174711389516843e-04 -4.164489376715249658e-03 -1.562188680868793478e-01 2.001298514737605283e-01
-7.275474372621095961e-03 5.784822069965176242e-03 -1.575515035224365201e-01 1.989638308250510912e-01
